USB2G57718_1:101		
350	-0.21	
351	-2.56	
352	0.55	
353	0.85	
354	1.37	
355	1.88	
356	-0.29	
357	-0.11	
358	1.44	
359	-3.16	
360	-0.93	
361	-0.19	
362	0.1	
363	1.01	
364	1.77	
365	-2.76	
366	-0.9	
367	-3.09	
368	0.3	
369	-3.59	
370	-1.07	
371	2.15	
372	1.82	
373	0.82	
374	2.6	
375	-0.05	
376	1.24	
377	2.63	
378	4.53	
379	4.01	
380	4.1	
381	-0.63	
382	2.51	
383	0.62	
384	0.69	
385	3	
386	-0.25	
387	3.38	
388	7.62	
389	4.86	
390	0.85	
391	3.38	
392	3.66	
393	6.52	
394	5.33	
395	5.85	
396	6.55	
397	4.84	
398	4.61	
399	4.6	
400	3.12	
401	6.1	
402	4.52	
403	9.19	
404	10.43	
405	12.93	
406	10.5	
407	10.18	
408	11.68	
409	14.47	
410	13.09	
411	18.07	
412	20	
413	24.51	
414	36.04	
415	45.7	
416	58.93	
417	83	
418	106.83	
419	129.56	
420	139.32	
421	143.97	
422	143.89	
423	154.38	
424	164.48	
425	163.91	
426	177.1	
427	179.29	
428	194.61	
429	202.21	
430	198.55	
431	214.13	
432	222.43	
433	233.63	
434	239.61	
435	257.95	
436	258.66	
437	277.35	
438	280.61	
439	289.82	
440	295.37	
441	303.44	
442	322.19	
443	333.72	
444	330.7	
445	335.72	
446	340.69	
447	352.31	
448	356.01	
449	357.28	
450	364.05	
451	354.89	
452	374.2	
453	374.82	
454	386.81	
455	382.69	
456	383.72	
457	394.29	
458	385.85	
459	411.31	
460	395.57	
461	407.66	
462	408.27	
463	420.39	
464	437.11	
465	434.75	
466	443.95	
467	453.97	
468	467.82	
469	481.07	
470	501.14	
471	512.57	
472	521.14	
473	531.4	
474	566.66	
475	554.77	
476	564.93	
477	559.75	
478	606.25	
479	638.4	
480	632.49	
481	691.32	
482	687.67	
483	700.9	
484	716.18	
485	703.58	
486	712.56	
487	675.26	
488	690.96	
489	707.54	
490	674.01	
491	612.14	
492	611.64	
493	616.94	
494	605.11	
495	624.7	
496	632.76	
497	635.91	
498	629.43	
499	606.75	
500	562.32	
501	528.83	
502	499.91	
503	528.09	
504	493.17	
505	399.31	
506	289.09	
507	201.12	
508	155.04	
509	124.24	
510	107.75	
511	98.92	
512	96.77	
513	92.81	
514	89.95	
515	86.8	
516	79.83	
517	85.57	
518	81.5	
519	80.65	
520	78.22	
521	75.77	
522	71.96	
523	72.34	
524	72.58	
525	73.25	
526	69.39	
527	69.4	
528	63.85	
529	66.84	
530	62.98	
531	72.24	
532	68.57	
533	59.07	
534	67.01	
535	68.7	
536	66.21	
537	64.84	
538	65.84	
539	64.34	
540	68.07	
541	57.76	
542	62.86	
543	62.74	
544	62.8	
545	59.04	
546	60.68	
547	57.04	
548	63.53	
549	58.29	
550	61.91	
551	55.65	
552	57.58	
553	55.65	
554	54.95	
555	62.31	
556	55.19	
557	45.17	
558	50.01	
559	52.36	
560	49.58	
561	49.03	
562	50.75	
563	50.52	
564	54.36	
565	49.46	
566	47.92	
567	45.84	
568	51.18	
569	40.87	
570	46.01	
571	43.42	
572	44.8	
573	43.01	
574	45.38	
575	42.02	
576	39.03	
577	39.96	
578	38.03	
579	35.73	
580	38.19	
581	41.27	
582	36.87	
583	34.59	
584	33.98	
585	36.21	
586	33.49	
587	34.38	
588	31.13	
589	31.25	
590	33.95	
591	39.15	
592	32.31	
593	33.29	
594	26.43	
595	31.99	
596	27.76	
597	29.9	
598	26.58	
599	25.83	
600	30.58	
601	23.06	
602	30.82	
603	29.42	
604	28.85	
605	26.31	
606	26.18	
607	23.6	
608	25.62	
609	29.94	
610	25.26	
611	24.84	
612	20.36	
613	19.22	
614	17.88	
615	22.09	
616	22.54	
617	21.18	
618	21.62	
619	23.1	
620	18.22	
621	21.28	
622	21.91	
623	20.91	
624	21.4	
625	19.37	
626	19.86	
627	19.84	
628	20.6	
629	18.96	
630	15.96	
631	14.62	
632	14.77	
633	17.26	
634	19.98	
635	20.77	
636	15.83	
637	11.99	
638	17.26	
639	12.67	
640	12.55	
641	15.73	
642	13.32	
643	9.03	
644	15.49	
645	12.02	
646	13.81	
647	15.2	
648	11.49	
649	13.04	
650	11.78	
651	9.19	
652	11.26	
653	12.54	
654	7.44	
655	9.17	
656	10.8	
657	11.83	
658	13.74	
659	9.52	
660	5.65	
661	7.88	
662	7.65	
663	11.38	
664	10.69	
665	6.53	
666	7.34	
667	13.19	
668	7.71	
669	10.26	
670	5.5	
671	6.98	
672	6.81	
673	7.65	
674	4.97	
675	4.19	
676	4.77	
677	5.23	
678	3.78	
679	5.77	
680	2.36	
681	6.02	
682	4.65	
683	5.43	
684	5.52	
685	2.27	
686	4.91	
687	1.54	
688	4.26	
689	3.47	
690	4.02	
691	1.88	
692	-0.16	
693	1.89	
694	4.88	
695	2.83	
696	2.56	
697	1.77	
698	3.41	
699	2.94	
700	2.05	
701	1.36	
702	0.57	
703	1.91	
704	1.1	
705	4.45	
706	-1.91	
707	1.9	
708	3.65	
709	-1.16	
710	2.76	
711	3.67	
712	1.17	
713	4.89	
714	3.04	
715	0.09	
716	0.4	
717	0.69	
718	0.4	
719	1.47	
720	5.82	
721	0.74	
722	-0.59	
723	0.36	
724	4.56	
725	1.38	
726	1.34	
727	-0.14	
728	1.09	
729	4.31	
730	0.18	
731	-0.91	
732	3.53	
733	0.65	
734	1.25	
735	-2.18	
736	0.72	
737	0.88	
738	-3	
739	3.85	
740	-0.13	
741	7.04	
742	-0.36	
743	1.52	
744	0.83	
745	-0.77	
746	2.05	
747	2.71	
748	-0.62	
749	1.1	
750	-1.38	
751	2.62	
752	-1.26	
753	-0.73	
754	2.13	
755	0.25	
756	0.2	
757	0.38	
758	-2.42	
759	2.81	
760	0.92	
761	0.13	
762	-0.99	
763	-2.92	
764	-2.73	
765	2.27	
766	1.69	
767	0.71	
768	1.3	
769	-0.23	
770	1.4	
771	1.56	
772	-0	
773	0.86	
774	-1.18	
775	-2.45	
776	-1.21	
777	0.25	
778	-1.41	
779	-2.62	
780	0.89	
781	2.34	
782	-2.3	
783	-1.1	
784	-2.21	
785	-1.2	
786	-2.5	
787	-1.62	
788	-0.68	
789	0.73	
790	-2.96	
791	0.94	
792	-0.86	
793	2.86	
794	-4.57	
795	0.92	
796	0.19	
797	0.96	
798	-0.68	
799	-2.13	
800	-1.98	
801	2.89	
802	3.84	
803	0.01	
804	-1.29	
805	2.06	
806	6.04	
807	-2.24	
808	-0.16	
809	0.04	
810	0.41	
811	0.01	
812	-1.9	
813	1.5	
814	-1.75	
815	-1.12	
816	0.46	
817	0.4	
818	2.33	
819	0.2	
820	0.33	
821	2.85	
822	0.19	
823	-0.22	
824	-0.11	
825	0.25	
826	-0.47	
827	1.9	
828	2.14	
829	-0.3	
830	-1.58	
831	0.18	
832	-2.09	
833	0.19	
834	0.78	
835	-1.48	
836	2.29	
837	-0.11	
838	2.91	
839	-0.5	
840	-3.17	
841	-0.51	
842	-2.83	
843	-2.09	
844	-1.41	
845	0.5	
846	-0.32	
847	-0.15	
848	1.93	
849	2.15	
850	-1.33	
851	-1.21	
852	-3.37	
853	-1.87	
854	-0.57	
855	1.14	
856	1.91	
857	-3.26	
858	-1.24	
859	-2.26	
860	4.92	
861	1.27	
862	1.34	
863	-1.69	
864	0.82	
865	3.82	
866	1.76	
867	-1	
868	-3.22	
869	1.08	
870	-0.1	
871	2.05	
872	-0.24	
873	-0	
874	2.37	
875	0.19	
876	1.83	
877	0.85	
878	-0.79	
879	-0.04	
880	-1.95	
881	3.05	
882	-2.27	
883	0.8	
884	0.86	
885	0.7	
886	9.9	
887	2.43	
888	2.25	
889	-0.13	
890	1.81	
891	1.11	
892	0.96	
893	0.93	
894	-3.57	
895	0.08	
896	-1.2	
897	-3.08	
898	0.62	
899	0.03	
900	0.74	
901	1.02	
902	0.76	
903	-1.9	
904	0.85	
905	-2.29	
906	-1.38	
907	-0.54	
908	2.03	
909	-0.07	
910	1.15	
911	3.78	
912	1.28	
913	-0.69	
914	-1.35	
915	0.85	
916	2.99	
917	0.91	
918	0.59	
919	0.98	
920	-1.02	
921	1.43	
922	1.09	
923	-2.18	
924	-2.26	
925	1.6	
926	3.1	
927	0.39	
928	2.85	
929	-0.72	
930	0.99	
931	0.44	
932	-0.81	
933	2.89	
934	-0.79	
935	-0.83	
936	-1.18	
937	1.74	
938	0.85	
939	0.29	
940	-2.26	
941	-1.7	
942	-0.73	
943	-0.98	
944	-1.99	
945	3.86	
946	-0.46	
947	-0.71	
948	1.19	
949	-0.83	
950	-1.48	
951	0.71	
952	-2.08	
953	-0.94	
954	-2.33	
955	-2.76	
956	1.55	
957	-1.75	
958	1.17	
959	-5.23	
960	-0.07	
961	-1.44	
962	-1.65	
963	-0.15	
964	1.25	
965	-1.16	
966	0.45	
967	-1.14	
968	2.7	
969	-0.47	
970	-2.76	
971	2.12	
972	0.26	
973	0.51	
974	-0.56	
975	0.14	
976	1.83	
977	-0.05	
978	-2.13	
979	-12.93	
980	1.46	
981	-3.24	
982	1.59	
983	-3.17	
984	-2.39	
985	-4.16	
986	-0.56	
987	3.76	
988	5.13	
989	0.24	
990	0.61	
991	-1.72	
992	1.62	
993	-1.2	
994	-5.18	
995	0.71	
996	0.85	
997	-2.74	
998	-0.69	
999	-0.02	
1000	-1.67	
